camera_matrix:
- [1093.373653213598, 0.0, 639.4062040746574]
- [0.0, 1093.825207191711, 336.04206224549654]
- [0.0, 0.0, 1.0]
dist_coeff:
- [0.195731067928957, -1.1253785699223788, 0.0032507228572118602, -0.00041369645442357057,
  1.4434931052038007]
