camera_matrix:
- [1124.9325082928754, 0.0, 664.8447144399189]
- [0.0, 1129.8509281442666, 323.2067957495343]
- [0.0, 0.0, 1.0]
dist_coeff:
- [0.14468691459916075, -0.4878318411138553, -0.004078736931081546, 0.006318629305913848,
  0.1785191282835071]
